323.4105 321.460464 58.14264
278.9893 389.919563 38.0118752
282.2219 258.192688 35.1512756
315.531281 120.597351 23.3720036
243.207855 73.19638099999997 14.6786308
190.550674 333.94311500000003 71.37344
58.0183 290.732437 51.25396
267.597137 228.207336 31.4159565
199.208969 309.47180000000003 34.119194
186.271591 304.761932 30.6964169
292.852173 269.592377 8.895391
235.965942 217.39370000000002 14.3741455
228.910828 145.708344 18.4480038
218.090851 273.446167 20.4347057
325.9891 212.32780000000002 1.842637
243.865128 194.37779999999998 15.9478045
129.19339 264.152 27.6811333
255.866425 294.59027100000003 20.2517548
230.120712 261.411163 26.50057
267.687561 242.48193400000002 28.3320465
320.2944 138.165253 50.34517
297.026062 262.463776 43.02594
256.0001 256.0001 50.4274139
286.539246 155.172729 48.48509
177.956421 162.27383400000002 26.279459
144.372116 312.20488 13.9184856
246.632965 311.12298599999997 39.196907
344.4199 188.71035799999999 20.412426
227.039078 312.37127699999996 9.516123
262.958862 323.070923 42.5764275