212.114441 498.3668737 100.50808
299.468262 264.870209 40.0578766
319.433746 130.908569 41.1908836
355.487549 272.4954 7.712768
209.083069 192.54538000000002 42.07867
198.728592 253.88324 14.437892
304.53772 252.764771 29.3407078
208.562546 378.0796 13.0783129
306.186249 357.169128 31.327177
229.907532 190.15536500000002 26.4989033
136.710037 103.251373 68.31424
290.6527 307.523682 16.3930168
253.285568 274.552933 5.39148331
225.271317 217.29270000000002 28.3061333
241.802216 187.62259999999998 24.1903515
172.700333 261.42842099999996 30.5410042
163.427643 170.81169999999997 11.5340624
356.729034 387.142647 57.4374771
242.248169 128.03879999999998 30.4061852
159.9696 138.32260000000002 30.8942184
324.084 238.349426 8.865922
315.0921 376.9048 24.4215088
346.0942 311.058578 45.4437637
182.061066 239.33432 53.09363
299.807373 217.852783 36.045063
291.482452 290.83252 14.712862
148.980484 235.5059 22.492878
321.400024 301.677521 40.92517
254.353867 333.630539 14.4193373
372.137756 171.65625 34.17662