314.088959 263.61015299999997 5.286254
267.844055 132.92236300000002 69.95639
236.542953 268.69162 5.05523968
162.057449 342.029449 26.6954975
185.903915 168.91214000000002 21.0575733
394.830566 364.967453 43.9440155
303.726 283.569992 23.1019478
351.956421 140.667664 35.25707
200.223938 214.212 44.7173843
191.15831 206.6891 6.842042
326.008759 177.31619999999998 38.7416725
284.462952 318.2803 31.54562
172.324768 249.52856400000002 24.8569336
256.000061 256.0 23.8616753
337.4012 216.69854700000002 10.3870678
390.541168 380.019363 6.366947
172.2306 222.55939999999998 55.7007561
349.737427 311.07905600000004 32.9764137
220.9195 195.880066 11.71142
285.9019 319.431732 37.4895935
326.253143 228.03449999999998 25.709034
181.041656 269.400757 46.4675369
194.398209 321.786057 95.4279861
266.229431 357.865585 18.0201817
216.057816 186.81356799999998 3.549519
381.9185 195.236938 11.533061
249.9881 276.194473 18.9617462
232.528976 263.9977 15.5423737
196.017761 230.80566399999998 14.19056
158.3902 196.915619 26.203022