[333, 304, 145]
[273, 236, 107]
[303, 234, 113]
[213, 311, 260]
[332, 296, 150]
[291, 270, 113]
[253, 338, 113]
[303, 194, 113]
[350, 169, 132]
[209, 257, 132]
[239, 308, 137]
[263, 162, 113]
[246, 251, 88]
[309, 257, 134]
[230, 219, 107]
[276, 282, 151]
[157, 348, 145]
[178, 172, 136]
[195, 336, 137]
[303, 288, 92]
[219, 328, 98]
[211, 334, 127]
[224, 256, 131]
[199, 212, 137]
[174, 176, 138]
[288, 215, 106]
[316, 349, 138]
[206, 255, 138]
[259, 174, 112]
[233, 231, 260]
[183, 194, 136]
[240, 319, 130]
[307, 177, 129]
[350, 257, 128]
[322, 159, 88]
[212, 255, 92]
[261, 344, 124]
[218, 347, 124]
[341, 251, 124]
[336, 191, 153]
[191, 210, 113]
[325, 223, 280]
[251, 160, 139]
[225, 195, 223]
[264, 269, 218]
[190, 339, 101]
[329, 321, 112]
[277, 188, 142]
[194, 343, 113]
[275, 250, 113]
[272, 223, 91]
[229, 297, 91]
[269, 352, 91]
[158, 322, 147]
[334, 281, 151]
[316, 257, 95]
[287, 164, 114]
[171, 345, 114]
[207, 301, 114]
[271, 245, 141]
[166, 272, 92]
[331, 289, 108]
[270, 301, 159]
[316, 190, 96]
[269, 177, 113]
[277, 201, 107]
[276, 193, 102]
[204, 280, 107]
[312, 197, 113]
[165, 290, 113]
[221, 267, 107]
[188, 201, 132]
[322, 182, 107]
[157, 252, 107]
[178, 237, 91]
[324, 315, 97]
[274, 205, 96]
[190, 197, 137]
[291, 248, 226]
[337, 333, 128]
[328, 219, 128]
[256, 317, 91]
[256, 326, 115]
[344, 185, 114]
[243, 169, 113]
[215, 238, 112]
[192, 179, 108]
[157, 355, 183]
[182, 232, 92]
[157, 249, 86]
[259, 194, 110]
[310, 255, 110]
[174, 240, 114]
[186, 207, 113]
[238, 306, 145]
[222, 339, 155]
[230, 223, 150]
[209, 176, 211]
[158, 201, 136]
[239, 169, 86]
[239, 352, 160]
[331, 182, 110]
[258, 186, 112]
[313, 244, 111]
[229, 349, 111]
[232, 283, 136]
[346, 257, 134]
[317, 331, 137]
[314, 326, 86]
[317, 347, 105]
[228, 299, 133]
[247, 216, 158]
[255, 248, 86]
[266, 331, 110]
[257, 184, 86]
[180, 301, 85]
[314, 242, 85]
[227, 272, 86]
[314, 165, 95]
[339, 334, 97]
[327, 322, 105]
[231, 240, 128]
[345, 168, 111]
[209, 207, 86]
[343, 183, 111]
[180, 158, 111]
[183, 198, 135]
[252, 320, 111]
[275, 329, 85]
[340, 167, 111]
[295, 296, 116]
[289, 262, 134]
[225, 350, 156]
[186, 243, 139]
[184, 286, 136]
[266, 345, 135]
[320, 222, 106]
[289, 175, 112]
[332, 157, 106]
[247, 213, 90]
[155, 298, 90]
[272, 262, 111]
[202, 191, 136]
[335, 320, 111]
[283, 344, 90]
[251, 288, 111]
[320, 314, 106]
[174, 220, 105]
[261, 172, 87]
[335, 206, 86]
[208, 243, 95]
[318, 235, 112]
[295, 329, 111]
[313, 176, 112]
[341, 307, 268]
[345, 267, 268]
[347, 175, 112]
[316, 337, 95]
[294, 264, 155]
[335, 155, 203]
[289, 296, 112]
[343, 296, 143]
[346, 254, 102]
[202, 229, 151]
[337, 339, 186]
[199, 174, 142]
[248, 334, 120]
[190, 288, 188]
[296, 205, 121]
[353, 346, 110]
[221, 234, 191]
[250, 209, 192]
[213, 198, 141]
[298, 216, 141]
[244, 276, 140]
[343, 199, 141]
[288, 233, 110]
[207, 334, 133]
[330, 245, 182]
[258, 177, 138]
[214, 208, 137]
[345, 341, 89]
[338, 195, 188]
[166, 218, 192]
[329, 210, 169]
[333, 332, 192]
[227, 289, 125]
[224, 205, 114]
[238, 207, 114]
[308, 208, 120]
[160, 181, 113]
[259, 282, 113]
[281, 218, 186]
[235, 197, 138]
[282, 314, 108]
[338, 200, 138]
[314, 277, 160]
[245, 309, 114]
[226, 258, 138]
[318, 198, 124]
[335, 296, 114]
[308, 249, 114]
[337, 274, 119]
[334, 333, 119]
[198, 297, 119]
[234, 162, 114]
[269, 216, 119]
[203, 269, 119]
[224, 333, 141]
[168, 318, 217]
[302, 195, 99]
[257, 201, 105]
[276, 301, 159]
[348, 220, 155]
[269, 265, 155]
[233, 344, 159]
[292, 200, 155]
[216, 330, 159]
[329, 337, 155]
[354, 270, 97]
[224, 210, 159]
[249, 334, 168]
[229, 330, 167]
[329, 336, 102]
[327, 322, 101]
[311, 292, 109]
[292, 312, 102]
[305, 176, 108]
[214, 244, 108]
[318, 313, 108]
[340, 172, 159]
[213, 243, 145]
[293, 322, 145]
[230, 157, 140]
[321, 304, 143]
[276, 341, 103]
[218, 275, 157]
[158, 275, 92]
[231, 324, 92]
[279, 323, 185]
[203, 180, 196]
[285, 218, 100]
[296, 249, 114]
[188, 235, 95]
[288, 295, 97]
[265, 271, 98]
[283, 243, 138]
[206, 270, 138]
[269, 330, 133]
[345, 297, 231]
[292, 224, 103]
[163, 167, 184]
[263, 307, 88]
[202, 203, 120]
[207, 206, 92]
[334, 219, 138]
[262, 313, 139]
[336, 190, 114]
[320, 323, 144]
[222, 176, 222]
[252, 214, 145]
[325, 164, 145]
[247, 219, 202]
[348, 193, 204]
[205, 331, 215]
[250, 290, 144]
[246, 275, 164]
[272, 319, 115]
[304, 351, 257]
[170, 224, 223]
[168, 323, 224]
[170, 196, 120]
[239, 267, 114]
[304, 204, 105]
[310, 343, 136]
[201, 221, 140]
[212, 226, 129]
[271, 277, 107]
[191, 292, 135]
[192, 197, 112]
[184, 254, 107]
[228, 164, 106]
[266, 343, 146]
[181, 229, 146]
[284, 155, 107]
[310, 224, 126]
[234, 278, 150]
[327, 350, 87]
[271, 318, 129]
[210, 281, 103]
[186, 208, 108]
[241, 320, 166]
[163, 302, 257]
[170, 311, 139]
[280, 338, 139]
[227, 319, 281]
[346, 210, 135]
[286, 223, 281]
[278, 229, 114]
[351, 172, 114]
[195, 206, 136]
[192, 278, 138]
[231, 240, 148]
[249, 300, 223]
[306, 265, 136]
[310, 194, 152]
[157, 349, 136]
[248, 338, 142]
[194, 157, 142]
[331, 167, 191]
[352, 218, 165]
[198, 248, 142]
[178, 175, 162]
[230, 328, 139]
[312, 319, 139]
[347, 334, 139]
[232, 167, 175]
[284, 273, 175]
[158, 165, 156]
[219, 157, 129]
[201, 288, 114]
[222, 306, 113]
[296, 219, 114]
[249, 273, 103]
[234, 205, 102]
[238, 245, 97]
[238, 253, 107]
[339, 211, 88]
[155, 284, 108]
[160, 286, 113]
[177, 264, 91]
[272, 312, 138]
[330, 293, 138]
[210, 198, 142]
[216, 354, 138]
[186, 170, 138]
[201, 347, 109]
[279, 214, 124]
[209, 310, 94]
[301, 220, 113]
[260, 230, 102]
[308, 320, 162]
[189, 201, 137]
[168, 334, 116]
[319, 336, 132]
[257, 317, 137]
[175, 336, 137]
[347, 243, 137]
[200, 293, 137]
[320, 287, 132]
[313, 253, 183]
[173, 229, 183]
[335, 277, 128]
[345, 255, 115]
[269, 155, 118]
[192, 258, 113]
[176, 328, 124]
[277, 169, 143]
[171, 212, 135]
[231, 286, 132]
[167, 330, 113]
[209, 226, 107]
[188, 275, 112]
[205, 188, 109]
[291, 244, 141]
[159, 245, 113]
[289, 231, 92]
[283, 203, 146]
[272, 257, 145]
[256, 187, 96]
[207, 164, 107]
[349, 312, 75]
[222, 299, 102]
[309, 213, 79]
[230, 237, 49]
[223, 346, 41]
[285, 265, 77]
[307, 212, 120]
[183, 299, 120]
[209, 328, 48]
[233, 328, 79]
[237, 282, 66]
[193, 265, 37]
[257, 179, 77]
[285, 265, 62]
[162, 334, 65]
[160, 317, 119]
[221, 238, 56]
[220, 283, 109]
[231, 192, 113]
[352, 339, 70]
[160, 225, 113]
[309, 274, 76]
[331, 302, 56]
[304, 289, 101]
[325, 286, 110]
[331, 178, 98]
[337, 172, 76]
[236, 459, 42]
[511, 255, 210]
[113, 590, 97]
[776, 1026, 168]
[127, 181, 149]
[246, 362, 94]
[511, 397, 110]
[221, 548, 108]
[353, 550, 123]
[209, 384, 94]
[208, 481, 129]
[746, 547, 121]
[185, 571, 104]
[1003, 902, 173]
[417, 348, 73]
[498, 378, 88]
[473, 396, 98]
[428, 316, 52]
[441, 322, 67]
[511, 512, 86]
[866, 869, 174]
[460, 509, 104]
[939, 992, 175]
[449, 394, 66]
[379, 414, 110]
[519, 416, 86]
[447, 346, 54]
[444, 323, 51]
[499, 340, 81]
[419, 400, 117]
[368, 399, 101]
[470, 382, 94]
[548, 361, 130]
